epsParam:29.0   minLnsParam:8
clusterID: 0  Points Number:  15
741.7335304473816 553.6392875383685   778.6809113991914 525.9013878803172   792.130279938787 492.62454143104276   823.5624687349294 463.7162220169296   848.2324411235637 433.2273399201515   876.2866279100767 403.4879532275861   891.6929282788197 370.6938253164625   903.556475157445 336.2549736382944   909.5168639297692 298.2590068004327   908.3496102841481 260.9703090455546   923.5550683518953 227.66167719103996   926.460293233958 191.64667686968772   939.169268092385 157.60433634290118   943.5073712028221 120.6780171783783   947.9322810032348 84.89330964985822   
clusterID: 1  Points Number:  15
646.3951090899124 552.9171740081795   611.6314813402975 545.0655515902688   570.1712154318952 525.7911927799032   533.3343139326898 523.5559852610412   497.5247278543948 507.1428290339447   460.40043800467265 505.6846940978163   424.205796495269 502.6643342621895   385.6739382330603 504.80428735229486   338.42118795093535 537.2987080833357   293.68473581699266 562.752863242183   256.7786226786295 562.2692770183576   228.5078719084648 530.3691829911905   195.5149260922782 508.2001907668798   164.3241086090557 483.9665542245886   127.47278518076712 478.0140199054605   